GORRIGENDA ΕΤ ADDENDA.

,.1...

111.. 1. 1131113111111111111111111111111111111.

11113. 11. 23 111 311111. 1111111. 18321. 1831. corrigendus:
311111. 11111111. 1131. 1. 182.

Ριι. 51. 11 1111111111 Ι. 1. 11111 1111 11111, 1111111111 111111 Neptuni
11 vnum 111, 111111 1111111111111111. 311 11111111 1111111 1111111 11111111
1111 Anni 11111111 11 11111 1111111111111111111 1111111111, 11111111111111111
111111111111111111. 1. 253.

Ρη.1311.1111.Ρ11111111111.111111.1111.111.

Ρις. 13. 1. 123. 1111111111 11111111, 3111111111 11111111111 1. 83.

111. 11.1.130.1111111111111111 comministrorum.
m. 15. 1. 137. 111111. adde: 0111. 1195.

Ρ11.11.11.112.1111.1111.111.Κ1111.
ω rag. 11111. 153. 111111111111111 11111111 11111111111 011. 111. 1 1. 11111-

Ριι. 13. 1. 167. 1111111111 Clas. 1. 11. 133. 11111111.1111111.1.2131111
1111111111111111111111111111111111111111111111111111111111.

Ρη. 23. 1. 2011 1111111111 311111111111111111111 1, 86 ibique 11111111,
qni 11111 11111111 111Ιί1111 1111111111111111111 11111.

Pu. 21. 11. 220. 111111 V. P. 1111111111 1111111111111111 111 111111-
Quem?effifnmtvgpfmNffifimi‘mm 1111111111, 11-

um 11111 1111 11111. .

Ρ11. 25. 1. 222 111111 11111 1111111. 11111111. 1. 1. 83 ibique 11111111.

ἯΡὲ. 21. 11. 232. 111 11111 11111 3111111111 1111111111. vm 1. 133. 1111·
μ 1

1111. 1. 211. 11 111 111111 111111,111111. 11111111 l. 1. 123.
11111. 11. 25811111 1111 1111111, 1111 1111111111 1111111111· sth-

1111111 wewam 1111111111111111 1111111111. Ρ11111111.111111. 11111111.)
p. ,1. .

Ρις. 23. 1. 278. Ad 1111111111 278-282. 11111111. 8111111111, 11111111
’13111111 1111111111. 1312. 111111, 111111. 11111111. 1101111111. 12111111.
1111111111 1111111111 111111111111111. 1111111. 18111111111111111111 quu-
πῐῇῖὶᾋῖι Ι11 11111111 111111 Ι. 1. 11111111 1111111111. 8111.

1 . . . .

1111. 11.Ρ 231. 11 11111 111. 1111111111.111111111 1 1. 121.

Ρ11.31.1111.2.1113111111111. 011111.

01111. uim 325. 11 111. 111. 111111111111111 21111111. 1313. 1. ... 111·

. . 111.

μ Ρη 31. 11. 331. 1111 0111111111111111111. 011111111101.1111111.
11111111. lx. 1. 75 111111. 111111. , Ι

Ρις. 37, 1. 311. 1111111111 11111111 1112. 111111111111111 111111·
bloio, qni 111111111111111 111111,111 1111111111.

Ρις. 38. 1111111111 autori 262 1111111 1111111111.

11111111171111111111111111 11111111111111111.

Ρη. 58. 11. 33311115. 1111 cognatorum 111. 11111111.

 

